{
 "cells": [
  {
   "cell_type": "code",
   "execution_count": 30,
   "metadata": {},
   "outputs": [
    {
     "data": {
      "text/plain": [
       "[[0,\n",
       "  0.19599386,\n",
       "  0.1009676,\n",
       "  0.19791746,\n",
       "  0.19320469,\n",
       "  0.17789614,\n",
       "  0.13872719,\n",
       "  0.26010105,\n",
       "  0.1961211,\n",
       "  0.11111486999999999,\n",
       "  0.02883258,\n",
       "  0.06914722,\n",
       "  0.12817777,\n",
       "  0.17098856,\n",
       "  0.11174027,\n",
       "  0.16034324],\n",
       " [0.19599386,\n",
       "  0,\n",
       "  0.21646694,\n",
       "  0.39033439999999997,\n",
       "  0.38919855000000003,\n",
       "  0.25,\n",
       "  0.05726667,\n",
       "  0.33220491,\n",
       "  0.38809564,\n",
       "  0.25345406,\n",
       "  0.22482644,\n",
       "  0.26514108000000003,\n",
       "  0.12671558,\n",
       "  0.36698242000000003,\n",
       "  0.30773413000000005,\n",
       "  0.35276018],\n",
       " [0.1009676,\n",
       "  0.21646694,\n",
       "  0,\n",
       "  0.27565507,\n",
       "  0.22684696,\n",
       "  0.27886374,\n",
       "  0.20302375,\n",
       "  0.36106865000000005,\n",
       "  0.17162870000000002,\n",
       "  0.03698712,\n",
       "  0.0824504,\n",
       "  0.13967723999999998,\n",
       "  0.08975136,\n",
       "  0.24151857999999998,\n",
       "  0.16641300999999997,\n",
       "  0.26131084],\n",
       " [0.19791746,\n",
       "  0.39033439999999997,\n",
       "  0.27565507,\n",
       "  0,\n",
       "  0.17104183,\n",
       "  0.1403344,\n",
       "  0.33664465,\n",
       "  0.13603257,\n",
       "  0.21765721999999998,\n",
       "  0.26270227999999995,\n",
       "  0.19320467,\n",
       "  0.13597783,\n",
       "  0.32609522999999996,\n",
       "  0.03413649,\n",
       "  0.13327639,\n",
       "  0.03757422],\n",
       " [0.19320469,\n",
       "  0.38919855000000003,\n",
       "  0.22684696,\n",
       "  0.17104183,\n",
       "  0,\n",
       "  0.29986993,\n",
       "  0.33193188,\n",
       "  0.30707439999999997,\n",
       "  0.05521826,\n",
       "  0.18985984,\n",
       "  0.17613725,\n",
       "  0.12405747,\n",
       "  0.31659832,\n",
       "  0.14287968,\n",
       "  0.08146442,\n",
       "  0.19710975],\n",
       " [0.17789614,\n",
       "  0.25,\n",
       "  0.27886374,\n",
       "  0.1403344,\n",
       "  0.29986993,\n",
       "  0,\n",
       "  0.19892818,\n",
       "  0.08220491,\n",
       "  0.34051098,\n",
       "  0.28901101,\n",
       "  0.20672872,\n",
       "  0.23802398,\n",
       "  0.30607391,\n",
       "  0.15699025,\n",
       "  0.25613015,\n",
       "  0.10276018],\n",
       " [0.13872719,\n",
       "  0.05726667,\n",
       "  0.20302375,\n",
       "  0.33664465,\n",
       "  0.33193188,\n",
       "  0.19892818,\n",
       "  0,\n",
       "  0.28113309000000003,\n",
       "  0.33484829000000005,\n",
       "  0.24001087,\n",
       "  0.16755977,\n",
       "  0.20787441,\n",
       "  0.11327239,\n",
       "  0.30971575,\n",
       "  0.25046746000000003,\n",
       "  0.29907043],\n",
       " [0.26010105,\n",
       "  0.33220491,\n",
       "  0.36106865000000005,\n",
       "  0.13603257,\n",
       "  0.30707439999999997,\n",
       "  0.08220491,\n",
       "  0.28113309000000003,\n",
       "  0,\n",
       "  0.34791717,\n",
       "  0.37121592,\n",
       "  0.28893363,\n",
       "  0.24543017,\n",
       "  0.38827882,\n",
       "  0.16439644,\n",
       "  0.26353634,\n",
       "  0.11016637],\n",
       " [0.1961211,\n",
       "  0.38809564,\n",
       "  0.17162870000000002,\n",
       "  0.21765721999999998,\n",
       "  0.05521826,\n",
       "  0.34051098,\n",
       "  0.33484829000000005,\n",
       "  0.34791717,\n",
       "  0,\n",
       "  0.13464158,\n",
       "  0.17905366,\n",
       "  0.12697388,\n",
       "  0.26138006,\n",
       "  0.18352073000000002,\n",
       "  0.08438083,\n",
       "  0.23775079999999998],\n",
       " [0.11111486999999999,\n",
       "  0.25345406,\n",
       "  0.03698712,\n",
       "  0.26270227999999995,\n",
       "  0.18985984,\n",
       "  0.28901101,\n",
       "  0.24001087,\n",
       "  0.37121592,\n",
       "  0.13464158,\n",
       "  0,\n",
       "  0.08228229,\n",
       "  0.13950912999999998,\n",
       "  0.12673848,\n",
       "  0.22856579,\n",
       "  0.12942589,\n",
       "  0.27145811],\n",
       " [0.02883258,\n",
       "  0.22482644,\n",
       "  0.0824504,\n",
       "  0.19320467,\n",
       "  0.17613725,\n",
       "  0.20672872,\n",
       "  0.16755977,\n",
       "  0.28893363,\n",
       "  0.17905366,\n",
       "  0.08228229,\n",
       "  0,\n",
       "  0.05722684,\n",
       "  0.15701035,\n",
       "  0.15906818,\n",
       "  0.09467283,\n",
       "  0.18917582],\n",
       " [0.06914722,\n",
       "  0.26514108000000003,\n",
       "  0.13967723999999998,\n",
       "  0.13597783,\n",
       "  0.12405747,\n",
       "  0.23802398,\n",
       "  0.20787441,\n",
       "  0.24543017,\n",
       "  0.12697388,\n",
       "  0.13950912999999998,\n",
       "  0.05722684,\n",
       "  0,\n",
       "  0.19732498999999998,\n",
       "  0.10184134,\n",
       "  0.04259305,\n",
       "  0.1352638],\n",
       " [0.12817777,\n",
       "  0.12671558,\n",
       "  0.08975136,\n",
       "  0.32609522999999996,\n",
       "  0.31659832,\n",
       "  0.30607391,\n",
       "  0.11327239,\n",
       "  0.38827882,\n",
       "  0.26138006,\n",
       "  0.12673848,\n",
       "  0.15701035,\n",
       "  0.19732498999999998,\n",
       "  0,\n",
       "  0.29916633,\n",
       "  0.23991803999999997,\n",
       "  0.28852100999999997],\n",
       " [0.17098856,\n",
       "  0.36698242000000003,\n",
       "  0.24151857999999998,\n",
       "  0.03413649,\n",
       "  0.14287968,\n",
       "  0.15699025,\n",
       "  0.30971575,\n",
       "  0.16439644,\n",
       "  0.18352073000000002,\n",
       "  0.22856579,\n",
       "  0.15906818,\n",
       "  0.10184134,\n",
       "  0.29916633,\n",
       "  0,\n",
       "  0.0991399,\n",
       "  0.05423007],\n",
       " [0.11174027,\n",
       "  0.30773413000000005,\n",
       "  0.16641300999999997,\n",
       "  0.13327639,\n",
       "  0.08146442,\n",
       "  0.25613015,\n",
       "  0.25046746000000003,\n",
       "  0.26353634,\n",
       "  0.08438083,\n",
       "  0.12942589,\n",
       "  0.09467283,\n",
       "  0.04259305,\n",
       "  0.23991803999999997,\n",
       "  0.0991399,\n",
       "  0,\n",
       "  0.15336997],\n",
       " [0.16034324,\n",
       "  0.35276018,\n",
       "  0.26131084,\n",
       "  0.03757422,\n",
       "  0.19710975,\n",
       "  0.10276018,\n",
       "  0.29907043,\n",
       "  0.11016637,\n",
       "  0.23775079999999998,\n",
       "  0.27145811,\n",
       "  0.18917582,\n",
       "  0.1352638,\n",
       "  0.28852100999999997,\n",
       "  0.05423007,\n",
       "  0.15336997,\n",
       "  0]]"
      ]
     },
     "execution_count": 30,
     "metadata": {},
     "output_type": "execute_result"
    }
   ],
   "source": [
    "import numpy as np\n",
    "\n",
    "G = {'Points': [[54.71896683, 35.83201591],\n",
    "                [97.66732821,  4.06563318],\n",
    "                [39.70726083, 11.81767994],\n",
    "                [49.81227702, 84.53045981],\n",
    "                [7.68658817, 61.57264823],\n",
    "                [87.50428642, 73.4474997],\n",
    "                [89.13397142, 17.67413283],\n",
    "                [86.05522385, 96.45949678],\n",
    "                [6.55167548, 46.12616906],\n",
    "                [30.84517646, 17.21150502],\n",
    "                [46.89118748, 33.80001456],\n",
    "                [39.76492288, 48.18288765],\n",
    "                [62.28614444,  0.68493843],\n",
    "                [44.97049757, 76.2699458],\n",
    "                [29.05149311, 53.46970647],\n",
    "                [59.56852808, 80.54430983]],\n",
    "     'RatingsNodes': [0.03187582, 0.91022749, 0.10638796, 0.64013539, 0.93863349,\n",
    "                      0.96377975, 0.68346919, 0.76424738, 0.15785645, 0.35904605,\n",
    "                      0.08077735, 0.96713328, 0.48731494, 0.26667526, 0.38983965,\n",
    "                      0.31869582],\n",
    "     'AvCostNodes': [0, 3, 3, 4, 0, 2, 4, 2, 2, 1, 3, 4, 4, 0, 4, 2],\n",
    "     'CategoriesNodes': [6, 4, 1, 8, 4, 2, 7, 3, 5, 8, 2, 1, 2, 7, 6, 2],\n",
    "     'OpenHours': [[9, 14],\n",
    "                   [[9, 14], [17, 21]],\n",
    "                   [9, 24],\n",
    "                   [14, 24],\n",
    "                   [9, 14],\n",
    "                   [12, 21],\n",
    "                   [14, 24],\n",
    "                   [9, 24],\n",
    "                   [9, 14],\n",
    "                   [14, 24],\n",
    "                   [[9, 14], [17, 21]],\n",
    "                   [12, 21],\n",
    "                   [12, 21],\n",
    "                   [12, 21],\n",
    "                   [9, 24],\n",
    "                   [12, 21]],\n",
    "     'RatingsEdges': [0.37469442, 0.14630909, 0.26304936, 0.28460104, 0.85295203,\n",
    "                      0.83061272, 0.30689124, 0.02865153, 0.70905649, 0.52226769,\n",
    "                      0.22913224, 0.660405, 0.15477576, 0.6763715, 0.99724148,\n",
    "                      0.93809741, 0.03354321, 0.88856741, 0.97336589, 0.65138605,\n",
    "                      0.12632344, 0.11664141, 0.65146892, 0.76845241, 0.33408835,\n",
    "                      0.17762719, 0.28944118, 0.8997732, 0.20510582, 0.06268458,\n",
    "                      0.4094191, 0.00428738, 0.65254197, 0.17062007, 0.66656491,\n",
    "                      0.85288259],\n",
    "     'MinTimeNodes': [1, 0.5, 1, 1, 1, 0.5, 1, 1.5, 1, 0.25, 1.5, 1, 0.5, 0.5, 0.5, 1.5],\n",
    "     'MinTimeEdges': [[0, 0, 0.1009676, 0, 0, 0.17789614, 0.13872719, 0, 0, 0, 0.02883258, 0.06914722, 0.12817777, 0, 0, 0.16034324],\n",
    "                    [0, 0, 0, 0, 0, 0.25, 0.05726667, 0, 0, 0, 0, 0, 0.12671558, 0, 0, 0],\n",
    "                    [0.1009676, 0, 0, 0, 0, 0, 0, 0, 0, 0.03698712, 0.0824504, 0, 0.08975136, 0, 0, 0],\n",
    "                    [0, 0, 0, 0, 0.17104183, 0, 0, 0.13603257, 0, 0, 0, 0, 0, 0.03413649, 0, 0.03757422],\n",
    "                    [0, 0, 0, 0.17104183, 0, 0, 0, 0, 0.05521826, 0, 0, 0, 0, 0.14287968, 0.08146442, 0],\n",
    "                    [0.17789614, 0.25, 0, 0, 0, 0, 0.19892818, 0.08220491, 0, 0, 0, 0, 0, 0, 0, 0.10276018],\n",
    "                    [0.13872719, 0.05726667, 0, 0, 0, 0.19892818, 0, 0, 0, 0, 0, 0, 0.11327239, 0, 0, 0],\n",
    "                    [0, 0, 0, 0.13603257, 0, 0.08220491, 0, 0, 0, 0, 0, 0, 0, 0, 0, 0.11016637],\n",
    "                    [0, 0, 0, 0, 0.05521826, 0, 0, 0, 0, 0.13464158, 0, 0, 0, 0, 0.08438083, 0],\n",
    "                    [0, 0, 0.03698712, 0, 0, 0, 0, 0, 0.13464158, 0, 0.08228229, 0, 0, 0, 0.12942589, 0],\n",
    "                    [0.02883258, 0, 0.0824504, 0, 0, 0, 0, 0, 0, 0.08228229, 0, 0.05722684, 0, 0, 0.09467283, 0],\n",
    "                    [0.06914722, 0, 0, 0, 0, 0, 0, 0, 0, 0, 0.05722684, 0, 0, 0.10184134, 0.04259305, 0.1352638],\n",
    "                    [0.12817777, 0.12671558, 0.08975136, 0, 0, 0, 0.11327239, 0, 0, 0, 0, 0, 0, 0, 0, 0],\n",
    "                    [0, 0, 0, 0.03413649, 0.14287968, 0, 0, 0, 0, 0, 0, 0.10184134, 0, 0, 0.0991399, 0.05423007],\n",
    "                    [0, 0, 0, 0, 0.08146442, 0, 0, 0, 0.08438083, 0.12942589, 0.09467283, 0.04259305, 0, 0.0991399, 0, 0],\n",
    "                    [0.16034324, 0, 0, 0.03757422, 0, 0.10276018, 0, 0.11016637, 0, 0, 0, 0.1352638, 0, 0.05423007, 0, 0]],\n",
    "     'N': 16}\n",
    "\n",
    "# import networkx as nx\n",
    "# import matplotlib.pyplot as plt\n",
    "\n",
    "# # for row in G['MinTimeEdges']: \n",
    "# #      print(row)\n",
    "\n",
    "# location_graph = nx.Graph()\n",
    "# location_graph.add_nodes_from([i for i in range(0, G['N'])])\n",
    "# for i in range(0, G['N']):\n",
    "#      for j in range(i+1, G['N']):\n",
    "#           if G['MinTimeEdges'][i][j] != 0:\n",
    "#                location_graph.add_edge(i, j, weight=G['MinTimeEdges'][i][j])\n",
    "               \n",
    "\n",
    "# plt.figure()    \n",
    "# # pos = nx.spring_layout(location_graph)\n",
    "# # weight_labels = nx.get_edge_attributes(location_graph,'weight')\n",
    "\n",
    "# nx.draw(location_graph, with_labels=True)\n",
    "# # nx.draw_networkx_edge_labels(location_graph, pos, edge_labels=weight_labels)\n",
    "# path_lengths = list(nx.all_pairs_shortest_path_length(location_graph))\n",
    "# path_lengths\n",
    "\n",
    "import math\n",
    "\n",
    "for i in range(0, G['N']):\n",
    "     for j in range(0, G['N']):\n",
    "          if (G['MinTimeEdges'][i][j] == 0 and i != j):\n",
    "               G['MinTimeEdges'][i][j] = math.inf\n",
    "\n",
    "def floydWarshall(dist_matrix, N):\n",
    "     dist = list(map(lambda i: list(map(lambda j: j, i)), dist_matrix))\n",
    "     for k in range(N):\n",
    "          # pick all vertices as source one by one\n",
    "          for i in range(N):\n",
    "               # Pick all vertices as destination for the above picked source\n",
    "               for j in range(N):\n",
    "                    # If vertex k is on the shortest path from\n",
    "                    # i to j, then update the value of dist[i][j]\n",
    "                    dist[i][j] = min(dist[i][j],\n",
    "                                   dist[i][k] + dist[k][j])\n",
    "     return dist\n",
    "\n",
    "floydWarshall(G['MinTimeEdges'], 16)"
   ]
  },
  {
   "cell_type": "code",
   "execution_count": 15,
   "metadata": {},
   "outputs": [
    {
     "data": {
      "text/plain": [
       "{(0, 2): 0.1009676,\n",
       " (0, 5): 0.17789614,\n",
       " (0, 6): 0.13872719,\n",
       " (0, 10): 0.02883258,\n",
       " (0, 11): 0.06914722,\n",
       " (0, 12): 0.12817777,\n",
       " (0, 15): 0.16034324,\n",
       " (1, 5): 0.25,\n",
       " (1, 6): 0.05726667,\n",
       " (1, 12): 0.12671558,\n",
       " (2, 9): 0.03698712,\n",
       " (2, 10): 0.0824504,\n",
       " (2, 12): 0.08975136,\n",
       " (3, 4): 0.17104183,\n",
       " (3, 7): 0.13603257,\n",
       " (3, 13): 0.03413649,\n",
       " (3, 15): 0.03757422,\n",
       " (4, 8): 0.05521826,\n",
       " (4, 13): 0.14287968,\n",
       " (4, 14): 0.08146442,\n",
       " (5, 6): 0.19892818,\n",
       " (5, 7): 0.08220491,\n",
       " (5, 15): 0.10276018,\n",
       " (6, 12): 0.11327239,\n",
       " (7, 15): 0.11016637,\n",
       " (8, 9): 0.13464158,\n",
       " (8, 14): 0.08438083,\n",
       " (9, 10): 0.08228229,\n",
       " (9, 14): 0.12942589,\n",
       " (10, 11): 0.05722684,\n",
       " (10, 14): 0.09467283,\n",
       " (11, 13): 0.10184134,\n",
       " (11, 14): 0.04259305,\n",
       " (11, 15): 0.1352638,\n",
       " (13, 14): 0.0991399,\n",
       " (13, 15): 0.05423007}"
      ]
     },
     "execution_count": 15,
     "metadata": {},
     "output_type": "execute_result"
    }
   ],
   "source": [
    "nx.get_edge_attributes(location_graph,'weight')"
   ]
  },
  {
   "cell_type": "code",
   "execution_count": 2,
   "metadata": {},
   "outputs": [
    {
     "name": "stdout",
     "output_type": "stream",
     "text": [
      "None\n"
     ]
    },
    {
     "ename": "TypeError",
     "evalue": "'NoneType' object is not iterable",
     "output_type": "error",
     "traceback": [
      "\u001b[1;31m---------------------------------------------------------------------------\u001b[0m",
      "\u001b[1;31mTypeError\u001b[0m                                 Traceback (most recent call last)",
      "Cell \u001b[1;32mIn[2], line 22\u001b[0m\n\u001b[0;32m     19\u001b[0m params[\u001b[39m'\u001b[39m\u001b[39mEXP_MAX\u001b[39m\u001b[39m'\u001b[39m] \u001b[39m=\u001b[39m \u001b[39m1\u001b[39m\n\u001b[0;32m     20\u001b[0m params[\u001b[39m'\u001b[39m\u001b[39mRUN_REMOVAL\u001b[39m\u001b[39m'\u001b[39m] \u001b[39m=\u001b[39m \u001b[39m0\u001b[39m\n\u001b[1;32m---> 22\u001b[0m getSeqItSelection(G, params, ITMETHOD)\n",
      "File \u001b[1;32mc:\\Users\\wish6\\my-projects\\Nimbus-pirem\\pirem-python\\functions\\getSeqItSelection.py:27\u001b[0m, in \u001b[0;36mgetSeqItSelection\u001b[1;34m(G, params, method)\u001b[0m\n\u001b[0;32m     25\u001b[0m \u001b[39mfor\u001b[39;00m i \u001b[39min\u001b[39;00m \u001b[39mrange\u001b[39m(\u001b[39mlen\u001b[39m(Set)): \u001b[39m# simulate adding a new node i\u001b[39;00m\n\u001b[0;32m     26\u001b[0m     nodeAdd \u001b[39m=\u001b[39m Set[i]\n\u001b[1;32m---> 27\u001b[0m     newIt, _, f, fexp \u001b[39m=\u001b[39m checkNode(G, params, nodeAdd, It, method)\n\u001b[0;32m     28\u001b[0m     fsave\u001b[39m.\u001b[39mappend(f)\n\u001b[0;32m     29\u001b[0m     fsaveexp\u001b[39m.\u001b[39mappend(fexp)\n",
      "File \u001b[1;32mc:\\Users\\wish6\\my-projects\\Nimbus-pirem\\pirem-python\\functions\\checkNode.py:22\u001b[0m, in \u001b[0;36mcheckNode\u001b[1;34m(G, params, nodeAdd, It, method)\u001b[0m\n\u001b[0;32m     19\u001b[0m AvCostUser \u001b[39m=\u001b[39m params[\u001b[39m'\u001b[39m\u001b[39mAvCostUser\u001b[39m\u001b[39m'\u001b[39m]\n\u001b[0;32m     21\u001b[0m \u001b[39m# cost control\u001b[39;00m\n\u001b[1;32m---> 22\u001b[0m costs \u001b[39m=\u001b[39m [G[\u001b[39m'\u001b[39m\u001b[39mAvCostNodes\u001b[39m\u001b[39m'\u001b[39m][i] \u001b[39mfor\u001b[39;00m i \u001b[39min\u001b[39;00m NewSet]\n\u001b[0;32m     23\u001b[0m \u001b[39mif\u001b[39;00m  (\u001b[39msum\u001b[39m(costs) \u001b[39m/\u001b[39m \u001b[39mlen\u001b[39m(costs)) \u001b[39m>\u001b[39m AvCostUser: \u001b[39m#the average cost is higher that the given user average \u001b[39;00m\n\u001b[0;32m     24\u001b[0m     error \u001b[39m=\u001b[39m \u001b[39m2\u001b[39m\n",
      "\u001b[1;31mTypeError\u001b[0m: 'NoneType' object is not iterable"
     ]
    }
   ],
   "source": [
    "from functions.getSeqItSelection import getSeqItSelection\n",
    "\n",
    "# ITMETHOD = 0; # (Fast Sequential Itinerary Creation) with extra History  (M-PIREM) [1]\n",
    "ITMETHOD = 1; # (Fast Sequential Itinerary Creation)  (PIREM) [1]\n",
    "\n",
    "params = {}\n",
    "params['BestFO'] = 0\n",
    "params['nodeStart'] = 7\n",
    "params['nodeEnd'] = 13\n",
    "params['timeStart'] = 10\n",
    "params['timeEnd'] = 18\n",
    "params['AvCostUser'] = 3\n",
    "# Nmin = 0*Nmin\n",
    "# Nmax = 0*Nmin+100\n",
    "params['Nmin'] = 2\n",
    "params['Nmax'] = 2\n",
    "params['Ntype'] = 0\n",
    "\n",
    "params['EXP_MAX'] = 1\n",
    "params['RUN_REMOVAL'] = 0\n",
    "\n",
    "getSeqItSelection(G, params, ITMETHOD)"
   ]
  }
 ],
 "metadata": {
  "kernelspec": {
   "display_name": "nimbus",
   "language": "python",
   "name": "python3"
  },
  "language_info": {
   "codemirror_mode": {
    "name": "ipython",
    "version": 3
   },
   "file_extension": ".py",
   "mimetype": "text/x-python",
   "name": "python",
   "nbconvert_exporter": "python",
   "pygments_lexer": "ipython3",
   "version": "3.9.16"
  },
  "orig_nbformat": 4
 },
 "nbformat": 4,
 "nbformat_minor": 2
}
